1.268521353001354157e+00
-9.483897338598172411e+00
9.907382882498364296e+00
-6.550579616209240896e+00
-7.058863495277598155e+00
-5.577978825161523879e+00
8.341674963699666989e+00
9.738430939024183886e+00
-5.869487194292796417e+00
6.951079943157917995e+00
5.336777951724833713e+00
-3.863777330742363958e+00
6.299701180881744023e+00
3.885267010238489860e+00
-2.168392529760565068e+00
-4.742914122403579569e+00
-1.170336474233840462e+00
-2.861356326709460163e+00
5.318088657018265053e-01
9.676991363603946184e-01
5.171330668987367929e+00
-5.789461100184959186e+00
6.672037299114144560e+00
-5.949621119663381918e+00
-7.697191744298545579e+00
-7.800916237875270554e+00
-1.387936991792258823e+00
4.779537339016405539e+00
3.956653916889472100e-01
-1.899888047841756133e+00
7.134426777571203360e+00
