1.120423690253821150e+02
-1.188753043611609250e+01
-2.657355823985246843e+02
-2.640922102401264056e+02
-2.659441971065417647e+02
8.441495191133483900e+01
-1.971045248304557873e+01
1.125077487463366026e+02
1.271781889443221303e+02
-1.137025665608866376e+02
-1.365123868574735511e+01
1.016991787798176858e+02
1.151554761364202619e+02
2.525527711495481356e+02
3.906419019881786880e+01
-1.801713847942983904e+01
-2.112431313585814223e+02
1.705085696049166870e+02
9.895897993561031569e+01
-1.952835096785915425e+02
9.286318924407173370e+01
2.892846066427151186e+02
-9.687280159835412974e+01
1.258936228831448823e+01
3.093108547497250811e+02
-1.489238644535443825e+02
1.256043995333779435e+02
2.394293968612082892e+02
1.343262034152962769e+02
2.444120369124049716e+02
-3.232533353709031871e+02
1.853348493548108991e+02
-6.260023401453386072e+01
4.416655179538877718e+01
-4.730777977792770628e+01
2.985725569619942803e+02
-2.077357913037867831e+02
1.436455389762365655e+02
-1.739676327355803096e+02
2.687470945753041462e+01
1.101388222308119538e+02
1.982063256294168241e+02
1.504143340355718692e+02
2.548131452419148957e+02
1.717238211683349789e+02
-8.702354293896966908e+00
-1.729037909774966977e+02
2.549389639891719739e+01
-6.118146350747218776e+01
7.304745847624862165e+01
-1.010831407150703320e+01
2.543912576464746849e+02
-9.473747120817270684e+01
-1.636470368835848319e+02
-9.693481648824287333e+01
7.005063249802182668e+01
-1.623179646063669566e+02
6.126046180028390609e+01
8.796717431388849207e+01
-2.202044972478020668e+01
3.153561679929048367e+01
-1.247868004019732240e+02
-2.891541647543591580e+02
-1.015430487104358122e+02
-1.244077922204091493e+02
-2.952246016299220699e+01
-7.216946902036432903e+02
2.646024001379020092e+02
-1.544085807850678691e+02
2.765393911469203658e+02
2.481340987638189404e+02
2.394732817883057123e+02
3.754829188256354477e+00
-4.353281443513051840e+02
8.693913777798060494e+01
7.937298998608127931e+01
-1.533015433297844083e+02
7.472566325123230513e+01
2.918433112781027035e+02
-9.675854502969181681e+01
3.031797849063427179e+02
-1.736526791212504151e+01
-7.543241845307355220e+01
4.589130433801434350e+01
-3.385190701027926821e+02
-3.815453027522914908e+02
-1.261601851510915822e+02
3.976256187899186045e+01
2.156624617266623432e+02
1.109042690219846747e+02
-1.267628740778162637e+02
-3.209612079423040427e+02
-2.218694250015487341e+02
1.110705699297356546e+02
-4.246759671033673023e-01
8.704193267522755662e+01
-2.932171196176556691e+02
-1.790851245890918335e+02
2.344128202122246307e+02
-3.843725270985335101e+02
-3.319855305329074895e+02
1.349318877543690576e+02
1.188323584436529323e+01
4.025568710958972929e+02
-2.902325668266724961e+02
-8.311683064578483027e+01
-8.927540498706629535e+01
8.790953204416581457e+00
-6.850779169620523135e+01
-1.422640373968573329e+02
-1.850717301435767297e+02
-8.835961970196997584e+00
-1.244388812250612020e+01
-3.519222880833891054e+02
2.226750094683664258e+02
9.292022884129016447e+00
-1.718282048402219431e+01
-1.141500645605056263e+02
2.302033652412762876e+02
-2.163802266934436318e+02
1.368603263689856817e+02
3.663498480283292480e+01
1.579028441344408975e+02
2.354232697015335773e+01
-2.460820449736179398e+02
-8.623372898927492258e+00
-2.218839885196016155e+02
1.314077066470887871e+02
-3.867021951110597229e+02
-2.711930968367429173e+01
1.927027148217759986e+02
9.867048147972522543e+01
7.983227198933025193e+01
4.408820145615846400e+02
-1.967395111478800800e+02
1.940345431282861739e+02
2.936360034336520926e+02
-2.773986211831938249e+02
-2.386755932012827657e+02
-1.026516542675980332e+02
-2.036132320333300072e+02
2.026943541063938170e+01
4.411783403607849152e+01
-5.227383008274914573e+02
-3.418338705662721111e+01
-1.913376797610956430e+02
-1.976610271004826132e+02
1.634208212353348983e+02
-1.038565175472424897e+02
-4.051333668895202322e+01
5.652005793621680851e+01
-9.077242789979788995e+01
1.924035070661001328e+02
2.079296828805049913e+01
1.632642246754125210e+02
-1.162337386280412801e+02
-3.549570636721744563e+02
-5.317596317289081753e+01
9.259494765278921236e+00
1.238766559475747471e+02
2.013214080304884988e+02
3.565286075742419314e+01
-8.424141753681834643e+01
4.113762984767436848e+01
7.278488800725409646e+01
3.418608338365574468e+02
4.930270277982378957e+01
7.397370950127969991e+01
-1.043393003996297068e+02
4.181318412774990279e-01
1.797108404079723982e+02
-1.024770710162107576e+02
-3.814722091650909874e+01
-4.651809410800188260e+01
8.637440482337063941e+01
4.285631987758445121e+02
-2.641854681280328521e+01
2.985299876114435236e+01
-1.029856921568178763e+02
-2.734710826049134269e+01
2.909010327610510558e+02
1.758690264243103627e+02
-1.384843240107830127e+02
-3.300374232629430793e+01
9.654456722803318769e+01
1.160433205410788986e+02
-1.625972916978846285e+02
-3.223509054687885111e+01
-3.857272308167179631e+01
1.543209800737067212e+02
-4.617148900003717245e+02
2.869336894318242344e+02
1.540831566121766230e+02
-1.105525315086002003e+01
-7.405702677465257011e+01
-3.128917122833778208e+01
-9.193514851274942146e+01
-1.742604977156181008e+02
1.744946101540762129e+02
-1.144868052631004502e+02
2.013546542147526708e+01
-7.750910293866495238e+01
3.020593475933349623e+02
1.661641514426381434e+02
-1.086019620407385560e+02
-2.295553899860273930e+02
-1.671882390172267208e+02
2.725471758884060023e+02
9.444740237658790249e+01
1.611499660757169465e+02
-1.676087510377662397e+02
9.621709663214880948e+01
-1.793331655652519601e+02
1.607534209616556211e+02
-3.720278374514372786e+02
4.190903564169054221e+02
-6.063762749611297522e+02
1.380375704153823904e+02
8.089844662669393927e+01
1.822358162566688691e+02
-3.439639791399604718e+01
1.750049910200960568e+01
-1.795969602428383496e+02
2.523088706186941010e+02
-2.363820690272466152e+02
-8.739352426112371575e+01
3.598714837882351958e+02
3.463382038171928201e+01
8.663498152498692662e+01
-1.574075479115131770e+02
-1.522557903837466711e+02
-9.544095133952475862e+01
-1.818070553173907200e+01
-1.650064137565906321e+02
3.512099610182890501e+02
4.329187263441620530e+02
-1.095659162161424547e+02
5.246106830985150182e+00
-9.106523563148876121e+01
-9.160665420590399322e+01
-1.699790608497679614e+02
-3.195775351637432209e+02
-4.009324733695169130e+01
-1.214128030669166094e+02
-1.706119685426563990e+02
-8.193981252382785385e+01
1.350012571381702458e+02
-6.619790234899828363e+01
-8.506056829768054683e+01
-3.161804267059732183e+02
-2.137191176472724052e+00
-4.253539531178568041e+02
8.350603652617469663e+01
-9.160934804901268080e+01
-3.488258140998528916e+02
1.115193258664860707e+02
-2.403719641366927533e+02
-1.134677866887902411e+02
-5.067578092389482691e+01
-1.911573064173553576e+02
3.742974397922502590e+02
-1.093611765878580666e+00
-1.992040414629906309e+02
-2.204834632382014092e+02
1.464653843430662050e+02
4.274683709665085729e+01
2.368859130176105410e+01
2.305039784685054656e+02
-1.279640825953974037e+01
4.976213663122037900e+01
-7.086997230069344766e+01
1.713269156300875977e+02
1.441940863050242001e+02
-7.130822462092879732e+01
5.952537615251252845e+01
2.526319446174759946e+02
-4.713929946061164600e+01
1.944892061916359438e+01
-4.204806619528835654e+02
-1.546112751569950774e+02
6.629581060296553119e+01
1.022643328830534983e+02
6.856431422326271452e+00
1.459901681796307571e+02
-1.036537323665639434e+02
3.916535446502626172e+01
1.821529271181598801e+02
-1.347377106979669463e+02
-4.821549057937885863e+01
-5.613942093736581995e+01
-2.397835635215750187e+02
1.562352862684371360e+02
1.204903810352374478e+02
-1.737782604913441560e+02
-1.534137884514226755e+02
1.720257807186991101e+02
4.952852509647101442e+01
-3.828590351992971375e+00
5.669343571923267433e+00
7.035940217230240989e+01
6.984204960788423477e+01
2.900830047375291656e+02
-2.498004489280608595e+02
4.022823999365916734e+02
-4.048653278641813458e+00
-2.179187227610005664e+02
-5.501371463639416959e+01
2.494365087761089796e+02
-1.527866408678362973e+02
5.816308546835458060e+01
-6.102213424972283917e+01
-2.102488343826200090e+00
2.502048257160288642e+02
-3.355873793748375533e+02
-8.570768325066838145e+01
2.073938708727757785e+02
-4.501469919453221991e+01
-1.139274645808821305e+02
2.687080014788816129e+02
-8.299095741971160578e+01
3.450249989504626313e+01
-4.415718596411828401e+01
4.362355311536433078e+01
8.779585442109501514e+01
1.076807801837904890e+02
-5.975526948342821942e-01
1.789669152413796667e+02
-5.675135378129214558e+01
1.995766127073766683e+01
2.109652756970339169e+02
-2.495416532069879523e+01
2.877878865739596677e+02
-2.232469786402874377e+02
-1.464053352531315113e+02
4.358822917456593160e+01
7.464179940748699948e+01
3.651205277272692484e+01
-3.157078253725317722e+02
2.515539508467361713e+02
2.057249349641075185e+02
-1.162996404670009554e+02
-2.015382123415879434e+01
1.641627379410845151e+02
3.950623385586500831e+02
5.151270554001849433e+01
1.810987838324632833e+02
-3.468422432125939849e+02
-1.107347500590136207e+02
-5.444484310276978078e+01
9.422650668357256620e+00
-2.062681299019828884e+02
1.874469857950758183e+02
-2.135889881057294986e+02
3.481455237910215601e+02
2.515115234551055323e+01
5.793429124651767381e+01
2.599457671201303697e+02
1.533964376780181169e+02
2.289893129599156296e+01
1.077229955280517260e+02
2.192740889833733604e+02
7.783130524741623901e+01
9.738129008589851310e+01
-1.537361255451440627e+02
7.384963825879360400e+00
-3.136873893171891226e+01
8.592219384552670647e+01
-3.729015883133180864e+02
-1.305607698954107150e+02
1.322315968926515382e+02
-2.222754782505288063e+02
2.768624306558860440e+02
1.014164798581932416e+02
-3.869408094543165362e+02
1.669282055518298478e+02
3.026070421733466560e+02
-3.557032588494557785e+02
2.814651488569211679e+01
1.140776732536672284e+02
-5.996006611814378218e+00
-1.763205809870514429e+02
8.550515931583302631e+01
6.916065544219081573e+01
-2.281148626806966888e+02
5.419413537442650863e+01
-1.159827779880836971e+02
2.101730081128536369e+02
4.394400006112886672e+02
2.478214739733894021e+02
1.683174280732171724e+01
2.153517588367743940e+01
4.120423679641518220e+02
1.240618238394558404e+02
-1.752658824014017966e+02
-1.790015293047335092e+02
-2.079550358474945995e+02
-1.393150739385331747e+02
-1.275602227784805223e+02
-1.210932369572954457e+02
-1.082353673132104461e+02
-1.088187502050149931e+02
2.852791004163613664e+01
1.068593856901524504e+02
3.047277977519409475e+01
-1.979086861011494420e+02
-2.185801789510320532e+02
1.922549316407976221e+02
2.639113422723189046e+02
2.053655194552302419e+02
-1.552261113555478289e+02
-1.120859667227697969e+02
2.168750156902088122e+01
-1.308002240976013582e+02
-4.357094866740473549e+01
-2.692745118065101337e+02
1.549004741064525774e+02
-1.903715647817712693e+02
-2.650068610247035394e+02
1.259887640206725337e+02
-3.803184456269015641e+02
-9.178950608584495185e-01
-1.856754320498131108e+02
-6.156386021112527374e+01
-1.043169597081357125e+02
2.613165069882410307e+01
-1.814969029822736104e+02
1.721036842068921828e+02
-4.988420516080045672e+02
2.731795868539153957e+02
2.976417782863552475e+01
1.367734139867444014e+02
-3.088447228273317364e+02
1.554365613527868959e+02
1.437480976267939639e+02
-2.234760949241998844e+02
1.858825228841572752e+01
5.846734540140578673e+01
8.479255482109270758e+01
1.458302229975208490e+02
-4.721648502489173893e+00
-1.551392666055603513e+02
-1.940219043685813460e+02
4.508878140537609625e+02
5.352886578849111743e+01
-2.922971332942792628e+02
-1.786344924747806999e+02
-5.657624079570261699e+01
2.036670771114717979e+02
-6.598613882861671698e+01
-2.889873871883526135e+02
1.973519640549809822e+02
-3.747133941689710213e+01
1.202712080267150725e+02
-1.245778447475454556e+02
1.332236001568362553e+02
-6.657353943960328024e+02
2.723935281033399747e+02
-2.824917170432008788e+02
-1.116379157938604152e+02
-5.264690794200076880e+02
-1.128201108677750852e+02
-2.315448257927948532e+02
-5.298806981973216423e+00
5.349487349150761020e+02
-1.247944269942988171e+02
1.898103285575134009e+02
5.258432604936761123e+01
-6.498362408006443047e+01
-1.002781535617662314e+02
-2.824533553307168887e+01
-1.883518502962659724e+01
-1.807565816890335686e+00
-1.054179444981114528e+02
1.739430973371196671e+02
6.671021720631071616e+01
-1.767079491976711552e+02
4.389623432395234204e+01
-3.946450281801569417e+02
1.244923772459154492e+02
-3.727388763061773602e+01
-1.003164894528536166e+02
-8.373426885582101420e+01
1.016306789943415652e+02
2.611684031470781520e+02
2.080795557454869993e+01
-1.126718077683804609e+02
1.258197585930882099e+02
2.893909259868772565e+01
9.342627505404725241e+01
2.746485112884736282e+02
-1.330780369051329046e+02
-4.584681005678548900e+02
2.978312873663855385e+02
-1.144933900977863885e+02
-2.962038711879547463e+02
3.581550788402604724e+01
-2.599224467294754390e+02
3.210092131231181725e+02
-1.974432885266798792e+02
-3.138492726115853202e+02
-3.242474744487223006e+02
-5.325285022322759687e+01
-5.173813145290291260e+01
-1.397755979148047913e+02
-1.789030156638920346e+02
1.364081765872883807e+02
-6.836115255600924456e+01
-1.117464943371968786e+02
1.259909187220405897e+02
-6.182584978692235467e+01
3.826494119492057280e+02
2.911730856043631022e+01
1.261241908871208182e+02
2.358335479522051514e+02
-1.993144379555374712e+02
-1.061495534056233367e+02
2.924464606297794376e+02
7.043336086275839136e+01
7.843211184630330024e+01
1.973321827047485044e+01
1.105367147637767644e+01
-2.079981674973674615e+02
6.765037878592373488e+01
1.198096823560448740e+02
-2.135250449488552533e+02
-6.882118903032382207e+01
3.290179060722400095e+02
-2.734525411169658682e+01
4.073538360686602573e+02
-2.491069051912119221e+02
-4.502017261706554763e+01
-1.513877360165788275e+02
7.010302856822355011e+01
-6.975226591668708842e+00
-1.356612669511517879e+02
5.260783935321870786e+01
-4.909142711602859066e+01
2.703350727707230590e+02
3.660051602381928149e+01
-8.362421740247150126e+01
3.217087125125141256e+01
2.471814499632329785e+02
-2.532825552204664987e-01
-1.138906720822224088e+02
-1.042087072195994608e+02
-2.411509399159356235e+02
-5.878254922574678432e+01
1.251955600630767265e+02
8.511615301900963715e+00
1.440818784187801249e+01
2.736853176217620671e+02
8.047409370717278421e+01
-8.058895428915002768e-02
-2.480621011769990218e+02
-6.301066356892189191e+01
6.112102371053604344e+01
-1.730192232841657756e+02
1.257942533767569842e+02
-2.552787805506508079e+01
-8.015425957538880652e+01
-2.226103633637657708e+02
-9.307903606936257290e+00
7.916762946330035788e+01
1.404849388835160937e+02
2.256644876443935175e+02
1.079759083438317475e+02
-1.123147326026511479e+02
2.405128912027463173e+02
-1.156320367722579761e+02
-3.520286971260746895e+02
-8.499565931010529596e+01
-3.069442156413402500e+01
-4.318564618492935381e+01
4.180408678787964618e+02
3.418579151486609362e+02
1.163069885594547088e+02
2.063546274059129928e+02
2.083004355782439347e+02
-1.417072050196409272e+01
2.950331908944109500e+02
2.044366154340928290e+02
-1.780637088603809204e+01
1.093130309103167406e+02
-1.266049529225185495e+02
1.248573195834309928e+02
8.016531942242714592e+01
1.342908254204843104e+02
2.482318986045922315e+02
1.675093727604189837e+02
-2.059251309356267825e+02
-1.021125857520060265e+02
7.911705912937105722e+01
-2.535870322054265955e+02
4.525971448335931058e+01
-7.029460091360647311e+01
2.120057318094789878e+02
-3.689261046909602726e+01
1.155757797889173446e+02
1.593875517584787644e+02
1.691403527041130701e+02
4.546520925888704312e+01
1.124214101684110574e+02
-2.228391766877803946e+02
2.350689623527820515e+02
5.549326998897990393e+01
-6.216487541084309498e+01
1.853944894587376666e+02
5.782071061372373322e+01
1.937916136622792465e+02
-2.236699944909861415e+01
-7.473750321631139570e+01
-2.935453239830156917e+02
-3.688721709415395367e+02
-1.669982700404972888e+02
2.321527651517125150e+02
-2.041533425244350326e+02
-5.920239205694537787e+01
6.995678632434571398e+01
5.859687999241698009e+01
-1.426190355165412527e+01
-1.324619178012087595e+01
-1.731217696589420143e+02
6.881930656976030036e+01
-1.169951077776633497e+02
3.300816676380924832e+02
3.456650011833908138e+02
2.687318229238081813e+02
1.493844057784436927e+02
-9.360368528099516539e+01
2.678175953108316776e+02
3.475049807670114888e+02
-9.096116763219828272e+01
1.458533677389884815e+02
-7.184314978537204688e+00
2.524879545884900267e+02
2.769229674741119993e+02
-1.404486406773466172e+02
8.092166701246726745e+01
1.932295793080484145e+02
1.235167973246100672e+02
-1.326665018583058497e+02
3.213423767676574272e+01
-5.997380482056399842e+01
-2.696691792817761666e+02
9.119133087286093087e+01
-2.065895085029087568e+02
3.645827104503045462e+02
-1.385291995240106928e+02
-5.284205521278612423e+02
1.849701859933855417e+02
-1.685659066795321905e+02
-1.077115405738131670e+01
-1.089021310041973862e+02
3.644450367859088260e+02
1.430356969185908724e+02
5.699992865650889939e+01
-2.113453134381466896e+02
1.453265154829095991e+02
1.282398422463048178e+02
7.145285710144194979e+01
-4.387938799619773818e+02
1.734988001993100966e+02
-1.414166131711269259e+02
-1.163796691679725512e+02
4.488042687636191630e+01
-2.599351229400616603e+02
2.783827099180118694e+02
-2.492686219140362311e+02
2.804034076421857549e+02
2.000841729702543148e+01
7.910812098929172009e+01
4.765399165544612714e+01
-6.501595767868269604e+01
1.229312810495141122e+02
3.815902728602939646e+02
2.400652229857158488e+02
-1.087989659592813751e+02
-3.886500966147931990e+02
4.572088895784993667e+01
-1.417708322983896210e+02
-9.755176996739089645e+01
-2.025396131916240563e+02
-4.727379494971333997e+02
1.732920465055241550e+02
-8.003805236231036702e+01
-4.265140319814133107e+01
1.533264480106857377e+02
3.887361773424401008e+02
1.871186562007722500e+02
1.384752245415843959e+02
-2.414568211496155925e+02
-2.477145294539672804e+00
-1.275686634468417537e+02
-2.783405816384921536e+02
8.356675799609767807e+01
-2.221027856673424878e+02
-3.401972447559551682e+01
-1.894325652591840026e+02
5.241619373590364006e+01
-3.693950136130508781e+02
1.275258715475139866e+02
-2.193728726071626767e+01
-7.347526351535128697e+01
-9.953347933017713700e+00
-1.568427648863922563e+01
2.788832199243627201e+02
-1.097919292950075345e+02
-1.363191897188104917e+02
5.909043176081655702e+01
-2.515967221316579696e+02
-1.389816282155914564e+02
9.772648543929444998e+01
-1.958746693041987186e+01
1.565999900839727843e+02
4.823650127397411325e+01
8.422347986692122390e+01
-8.865953676839041009e+01
5.537330190261020135e+01
-6.564805342203842997e+01
-1.296212615876132190e+02
5.701812415179874449e+01
-1.955192552266202313e+02
-8.807922205167132290e+01
-7.679881357430552669e+01
4.999744181419641791e+02
1.298436313925757020e+02
-4.373967326654034338e+01
3.017949149743809585e+02
-1.973730512225971268e+02
5.904321714766572882e+01
4.004960199185195080e+00
2.986685063957137913e+02
-3.494631475406067977e+01
3.718253975918677412e+01
2.831242198345290362e+01
5.578936387047990308e+01
1.530447475857605184e+02
9.320549014563782464e+01
-6.477864689337033610e+01
-2.252883993531247953e+01
1.160796456440470479e+02
-2.970057453253463819e+01
1.654685159093439495e+02
-2.872642563024973015e+02
-9.402774068519657646e+01
1.676984255411512947e+01
-5.324242344245687946e+02
7.324858194805190692e+01
-2.111417671132412721e+01
-6.239489386412980565e+01
-7.291314601659533423e+01
-1.326025011984731634e+02
-1.617277631161831835e+02
1.411503106553736018e+02
-1.099718589344043806e+02
6.402774998636712844e+00
-1.832143614264203535e+01
-1.167832531958146092e+02
8.485561209735723764e+01
1.500050921658897209e+02
1.612731641480359812e+01
-1.131191131781847332e+02
1.244986881886533325e+01
5.553448842820535702e+01
-4.046487965315465090e+02
1.576116304979259297e+01
2.915404188016897251e+02
-1.266960259727752742e+02
2.283012036714406747e+02
2.018651577801704491e+02
6.897999379780011964e+01
-2.447528896867481194e+02
2.640701629765599989e+01
-1.012328804190131706e+02
-3.218022404977113382e+01
2.295871516303944304e+02
2.008327702679233653e+02
-1.039948519249646353e+01
-2.557843067898273546e+02
6.217124641867220447e+01
-4.288250776319754891e+02
-2.875885034509395837e+02
-1.353320173895342009e+02
2.528330587301462060e+02
1.675110799943271047e+02
2.047765869840768573e+02
5.209418055324036345e+01
-2.601890083345577978e+02
4.275090871266108934e+02
1.483231110345977299e+02
2.475324199246218768e+02
-2.443761246466527552e+02
-1.216362865939876201e+02
9.336952409582374912e+01
-2.374036612920317566e+02
4.170208847451199290e+02
-1.187901473531196501e+02
-1.761002002966218356e+02
-2.225579769971417363e+02
-2.312598232826701405e+01
-2.105075483073307510e+02
-1.160019260885798076e+02
3.717846113579913663e+02
-1.160803093606475898e+02
1.153173452885674237e+02
-4.961000283450813697e+01
9.284766502078959149e+01
1.146929284508223361e+02
-1.869413892900731611e+01
-1.672260262618090678e+02
1.112491225303351001e+02
4.322334867721264118e+02
1.918503801044434454e+02
-3.471830682861654083e+01
-7.231093003040204792e+01
-6.184720128057422528e+01
2.884035272280662454e+01
9.911861394539847936e+01
-1.981416319387427620e+02
6.494199877863096049e+01
1.348184698747487289e+02
-1.553218228439866095e+02
2.505774596655742243e+02
-1.837828067298508827e+01
-5.164432312422562177e+01
-1.971237876019824853e+01
-8.770735816708041455e+01
-7.176319645243709999e+01
1.332945541385187482e+02
-1.169476610905600893e+02
2.455807746296524385e+01
-3.553200018527649462e+01
-4.276330658511348304e+01
1.874244518383341074e+01
-2.380027362401486357e+01
-4.237818415194487542e+00
9.850441732197869271e+01
-1.512460690510206973e+02
-3.402496495576658617e+02
-1.700991501863718440e+02
2.839671327414967550e+02
1.525121381413844688e+02
2.613418322103242417e+02
8.398521719148214970e+01
-2.952987063100886189e+01
1.011205452249973149e+02
-2.799400456755799738e+01
9.588015278903134231e+01
-8.054000552639075750e+01
-4.264105929207962475e+01
-5.788632828304477584e+01
2.360461951349938374e+02
-8.580218329487101414e+01
4.577129640335998317e+01
-1.990941942336301906e+02
-2.634884158535275560e+02
1.674474067196018012e+01
8.548900210597631144e+01
-1.614043617864934221e-01
3.728154351872374264e+02
-3.327144593541692785e+00
1.777605879002795461e+02
1.302791911342031597e+02
3.058996832636787744e+01
-1.339093082602778040e+01
6.807381581126833225e+01
-1.583392942391102451e+02
1.422940676788794008e+02
-2.143704743054130688e+02
2.809722262243698765e+02
-8.440526155430605115e+01
1.331763033747771772e+02
1.897915765226159408e+02
2.653341719235930896e+02
-1.903499568013087639e+02
-1.272683134730638983e+02
5.456576668315932466e+01
1.086347874868574763e+02
3.133799151327981392e+01
2.318552640789732493e+02
3.127539677950838382e+02
-1.624849100232931391e+02
5.505795814304194664e+02
2.003607639121045452e+02
-7.474692849867109601e+01
1.380579682100548098e+02
1.808409883462965979e+02
5.424800840609970720e+01
2.703730798824808090e+01
-8.417190220085207386e+01
1.987991476513305429e+02
-7.632148100751078346e+01
1.893677820154023550e+02
-2.006798798674064699e+02
-9.255839172598125231e+01
-1.771280988623034887e+02
3.505459601150693061e+01
3.347656134988586132e+02
-3.642340506543931866e+01
6.266560280871762245e+01
-3.409616927892871274e+01
3.816607026633701025e+02
1.984712200769783976e+02
6.593498904689894857e+01
-1.163393891807918550e+02
1.284893867242661827e+02
-1.931159420352932443e+02
-2.097033879954576463e+01
-1.489508952452962944e+02
1.289100758877710859e+02
1.528733950875111987e+02
-8.768828419338430535e+01
-6.002082389355420133e+01
-8.665276407293427496e+01
1.813872675314715934e+02
1.041884097942363212e+02
2.107713880484183164e+02
-1.464434787999172158e+02
2.919274617838393127e+01
5.227133602890004340e+02
3.467446446213653530e+02
9.629224098286446321e+00
-1.563644042228422677e+02
-1.412932612677910171e+01
-4.065246914847229220e+01
1.185828614132705354e+02
-1.572649254445609017e+02
-2.584476948179829847e+01
-1.160024431189880687e+02
-8.276741244970020261e+01
4.345092012341001464e+01
2.240922685978235052e+02
3.405049930292941553e+02
5.196055992013511116e+01
6.875910516634147029e+01
2.687911374084263798e+02
5.490445856114779843e+01
2.535162040300863850e+02
-2.587288276771760138e+02
-3.270778411214961920e+02
-3.655182483639188149e+02
2.310759162473995048e+02
5.486913019043975481e+01
-1.760411704349363333e+02
1.014878841810668852e+01
-1.083021539560846662e+02
-1.137135831379105255e+01
-4.981971241108045945e+01
-8.293903828336054573e+01
-1.874804413576522393e+02
-8.593369599576129758e+01
1.137208497388817534e+02
1.668757974669478301e+02
6.452310824361681796e+01
1.745087716812563627e+01
-1.382134193972832463e+02
-6.001223674044147138e-01
-3.796685727129918320e+01
-5.266376824415046087e+01
1.823533767704882678e+02
-1.351997193565328246e+02
5.220794672173427671e+02
-3.152888663348944931e+01
-6.532797391319908797e+01
-2.476972970006875414e+02
-1.746190829092406815e+01
-2.864622065088993850e+02
2.022456526941281822e+02
-1.374043671266347388e+01
1.162291402436513295e+02
9.745014660355728608e+01
8.992425838697611695e+00
4.543788933667952392e+02
-1.300076904656687589e+02
3.335984414087745336e+02
6.899403536873248299e+01
-1.648594597248668947e+01
2.809834374805107018e+02
-4.761812782500822294e+01
-1.618967832370292967e+02
-3.081057679391813409e+01
1.703395028946845287e+02
-1.546311337159557411e+02
2.130300583485210950e+02
1.562011863020218527e+02
5.655635264934116435e+01
-2.480252044131039924e+01
-7.571391974364531485e+00
8.987092023973369237e+01
-1.195807770431393067e+02
4.826268963100596388e+00
-1.809761226361292472e+02
2.033341023330733890e+02
2.091307198914775540e+02
-4.216680664426655198e+02
-4.827721228641857465e+01
-2.053506628328876005e+01
3.310913812540367189e+02
-8.786126337221919869e+01
4.152616338839421672e+01
